47935
47720
23807
5330
29550
5196
33501
96003
5511
95420
86566
70222
39034
28668
12010
20427
11270
20570
82157
81993
59894
53479
18575
85083
92210
51955
54924
43404
57946
79364
30993
25885
93745
82556
36609
44544
96207
91923
54784
23525
6488
46258
4068
1661
68153
92104
95652
94428
42864
20273
35599
55750
82563
78161
8225
60825
87244
73340
28113
70653
54226
33816
15110
32273
34915
35196
50470
61434
78403
59681
22670
41255
43839
88459
4205
60023
32344
17592
64218
1641
76778
91329
92867
10777
29241
60002
67192
63320
84674
7594
55293
71306
93247
96241
64968
42597
46779
58783
87454
37521
72034
68606
46556
69080
59364
76471
15054
3598
44913
24963
32298
37677
8346
38908
27238
51131
35400
82999
36939
4320
71857
42199
46253
52328
91473
768
37526
69741
76303
8086
97766
73000
25276
55586
32985
52502
86376
99523
93169
58900
6474
24519
49242
20991
66784
12369
25226
67090
71099
11792
35702
79143
64808
47081
63337
93752
83434
28427
63940
39221
6743
95445
27122
95333
32693
52071
52366
86685
35483
63836
25839
63435
19324
17616
42117
24504
80363
40504
88558
87783
2195
64195
45167
3412
50747
72681
60688
37843
83805
76375
5923
73346
54279
72318
90765
78622
26123
15559
50544
5096
51163
2273
61631
19645
92437
26529
41878
38159
89036
73166
74058
64258
65896
36106
6210
79814
62504
67681
75451
16994
818
93523
90007
60668
19313
80318
66052
74880
53856
6384
3355
91205
27680
84062
63303
1874
42098
90956
50736
5582
30519
56237
34486
70982
84395
77717
30259
30367
18278
45376
69527
12021
33812
88095
8204
25336
54802
67505
86051
62408
69842
64560
94212
64524
89182
53651
55804
20841
9591
90551
44663
23908
62884
71972
41877
27393
65514
36445
50672
32035
13895
92447
24694
64250
53544
4289
20423
78731
35068
71028
81032
79073
94008
34351
61159
27634
64095
61109
39009
68598
83663
2851
91118
95806
21301
15683
61444
41051
11402
17937
15292
7745
44742
60422
99738
76964
41353
55176
96600
15585
28307
1507
65616
59625
97325
85607
91827
73393
1910
93982
11240
34356
17062
8481
239
63118
15895
45941
89272
69564
66023
38914
33475
71249
5122
95874
36217
99703
5056
45841
70814
98183
45581
54065
48664
35757
64220
46660
67686
92792
38778
85457
74587
34603
72912
55008
49433
51492
2477
72153
71564
18726
87280
92698
94215
46708
63173
15138
72882
2857
41734
65921
19185
93255
53721
77357
85826
19377
98311
85245
94888
79102
88035
33768
21411
81405
27277
93391
25751
61590
31001
68773
62585
30687
94862
60133
74746
6612
90541
65280
22998
9971
18183
41151
63495
90060
77882
77291
5784
86898
37840
19318
32213
18111
24246
70316
1438
19081
72771
22942
12646
27304
79533
1620
19144
35415
65158
12164
18846
57843
59369
10913
57386
49856
74517
45185
7802
18825
87564
99799
27254
14099
58654
79312
14490
65204
72009
80022
88034
46333
13701
39767
52121
77040
92537
58538
72841
56553
87011
14769
93162
45885
89813
53915
79011
76836
73153
80241
74
85825
28957
78240
39832
32943
63867
75092
46459
86583
48278
5147
30980
33173
63252
64587
90378
8010
8180
21800
94917
35187
54932
17635
34705
91431
17386
78341
25793
91249
33220
55425
16884
67770
27200
96791
84613
58641
50547
51805
13332
4931
56859
25676
83362
22922
17420
61003
86343
47004
47845
39327
70122
28412
13978
59309
80534
3198
9857
32395
72853
21682
29779
56483
33237
52128
91148
46575
41227
42782
91029
70914
8321
21995
39635
26882
97261
8140
41027
90300
90894
85043
99171
29728
88111
42267
28834
83869
95198
14309
16950
9608
99121
19879
54096
50850
67120
39691
32594
39347
97622
32896
48524
62616
75738
32135
78533
99177
11538
11720
1465
54132
46549
44310
46349
82923
68358
65810
64164
27364
88457
30604
54509
48234
54048
76084
89688
11813
98640
95461
16656
14146
40544
72268
82862
14061
76038
98304
16586
39850
79426
86810
38399
45249
41470
8494
24418
42985
35236
68748
98418
56583
77176
96457
3366
49566
60494
32372
23203
97500
24650
72330
93023
2107
8338
91631
66603
52110
80212
63237
28118
46575
177
49799
19177
64613
23127
23915
83654
48700
55278
88184
95056
44318
77279
90243
39404
11585
29053
79230
29509
9233
65354
65445
86759
48907
84527
78865
52672
11799
80080
31614
82395
44800
8757
58702
15640
84663
96955
84114
3021
33323
1350
82718
79606
5547
91350
14672
39279
36983
59291
88056
68425
82750
13321
70208
50835
64673
14425
24174
46477
33072
45967
22272
32896
21347
4414
11577
85467
82157
858
36431
85693
95970
94367
9242
82612
50017
43680
30037
54746
55638
74484
61873
37341
30847
77507
71593
53861
28917
11419
82767
3104
36649
10814
80697
95156
97920
88027
201
37257
98672
91341
36558
80924
90351
22328
15714
90116
9885
44817
30473
53512
56026
97005
18218
13038
94510
15448
11930
92927
5142
17606
84829
40644
13033
297
66026
86560
10463
96328
20692
46077
95504
47115
64785
84045
83057
79928
40827
64462
24065
3478
50552
83979
5362
23309
58230
33578
52712
47314
18544
95362
58079
64163
42703
57048
61303
68432
81949
3688
97565
49354
81680
72380
35135
35714
11232
26711
32731
49234
49803
16745
38273
48293
10262
20126
34791
37585
27103
32717
70379
41294
59518
52550
10280
10448
33881
47796
92066
48206
18133
62498
36647
28973
76003
13434
69990
26629
79969
23809
42203
19475
23839
72997
18949
37107
21595
3184
57415
21477
45370
35719
73112
4749
41431
80171
34420
74317
67269
30755
98603
77534
77702
89513
82980
57602
44616
84569
7155
94341
46685
3052
97319
40738
58675
93739
64594
31582
87009
82384
23388
51731
51061
65636
28906
31090
22615
54037
95557
58922
71171
90355
46684
69621
52062
6153
27219
57793
72611
64532
3445
11482
27637
4701
96924
73382
23339
37143
44687
40869
53582
78413
24561
97017
37408
94384
76910
45214
95676
94551
26125
78820
59120
50599
15625
10457
22408
44444
37841
95881
21879
65765
70774
25790
98678
30458
52992
70617
5521
40993
89211
68370
41303
31507
95891
82515
85684
60855
62836
83168
58866
27771
79738
78645
6585
88799
78119
69847
96667
51130
53885
26957
87572
63186
20039
82724
91656
90214
28159
29097
16211
69622
61704
36691
57196
5759
32740
81703
25046
63297
34283
41616
62424
75286
36811
79507
81428
71455
76060
79068
64296
45067
29545
74042
71278
42987
63265
63985
28517
49024
48541
53384
23802
60247
3507
89043
257
19786
73502
32498
27293
92784
22756
82095
39057
28709
51624
15899
70886
86595
65618
90708
91011
34536
24528
5318
40619
72941
29864
84019
47379
40308
83760
74758
26422
14541
11851
52572
28537
54702
19649
99112
11780
43775
13260
45574
58178
40133
34686
11075
24981
61587
37554
57313
11746
14608
52752
25523
56915
64122
46363
35089
16818
39215
80095
15331
3327
17367
37850
55308
16805
43970
4862
91238
17249
72945
39555
44874
65222
74192
68812
48046
66997
75769
93567
53942
63404
34185
78523
49471
23263
88755
49096
71450
73428
89527
88036
87076
65930
15949
76771
39922
58092
3409
52134
92687
76408
44834
86720
50923
96822
89118
83926
91431
53008
92847
73183
70595
79671
1006
17549
95536
87425
20069
7484
18143
85961
64748
262
59004
74544
22357
13522
41420
18895
89565
55391
9662
39554
5085
57465
52158
33654
5102
94574
5430
7729
90817
29570
34339
74979
42268
94706
14077
12598
49961
34593
74727
81885
73444
92765
75234
19763
75120
43955
26640
97119
50053
14130
46416
45318
84013
27505
56986
84861
7656
46729
60053
11582
88204
78841
56763
28902
33479
78951
40666
40434
81247
23731
5468
43218
52174
42594
69369
77387
42614
8666
83618
94225
72713
65315
36886
38038
91530
94114
8963
43733
32099
89723
22970
50029
7369
7888
96032
81231
1492
62822
89331
75237
25456
68256
67743
33940
97363
3667
12360
75741
54495
43872
59303
65822
56268
11137
44348
41154
50698
24462
2141
84768
55227
46894
40772
21805
77563
95159
27491
84564
90499
42709
83732
88664
56696
90250
15402
92456
72271
67760
8686
39850
59503
31907
31584
89805
21624
879
36037
92417
33146
81687
73739
15102
42742
65716
99550
98757
36540
23962
79173
38735
55291
64885
70260
64195
80995
27941
44550
29341
72055
65986
69252
40756
69019
92549
9853
14140
45199
21121
54706
5466
16246
87037
18976
44495
72585
24650
90198
91629
74481
16347
93890
76077
72329
46565
76984
2789
87268
83395
45713
38142
71691
48458
2982
65219
33242
42766
79229
91147
25991
40588
36370
15409
69999
94568
77003
4569
26617
78476
61607
32570
14949
38641
97299
68901
766
45478
70804
10812
44621
39005
39902
17270
13554
65756
69365
65675
22118
35905
69786
97149
22795
76167
87843
30523
69066
11847
66178
82514
3744
26424
26558
89494
20532
20877
17783
99967
84485
69311
17418
695
56012
86401
91328
36332
94343
15860
13250
73593
86921
11011
17512
44323
98170
30737
2969
57182
97147
36255
31473
54859
70641
80407
83912
35111
33103
42358
41589
54928
78754
22924
85443
11038
99533
7705
26773
66603
55386
42514
64559
25975
92681
18400
73554
76195
17152
58211
32348
6944
13491
46670
390
54288
31702
27638
88087
26689
12193
74018
25413
96660
49166
1644
68443
56381
96683
97161
15299
33998
92210
23772
58594
97338
63611
287
13800
80055
24961
85477
2905
79998
84488
66080
42832
91722
68277
60608
23640
42432
50173
185
46269
55904
86981
1487
24450
98406
39096
10709
14162
11864
90866
55740
94560
95397
33733
38623
79142
62206
93058
62759
40822
81653
75708
19549
12141
80340
11887
97193
59963
12219
8661
89924
55522
14703
46407
45813
93011
78425
86965
32070
77495
69766
72363
19204
6983
80563
65043
59858
74727
94832
1415
85685
29351
58368
2317
64599
40291
2099
82493
51317
62384
56087
26829
74243
32308
70632
47760
99135
74470
60872
35486
98477
91242
19930
47634
93611
25957
82924
44877
28066
84602
32244
83019
77506
59214
54263
28096
56548
60654
55187
54581
29482
50770
1467
4920
28593
32302
85140
46986
39569
87907
91022
6196
95407
79349
50508
59964
7076
87271
87179
21177
98797
86704
93945
41011
3540
48758
30066
95849
75799
79758
71572
88265
1307
42906
85247
22254
32675
93178
93441
17655
42552
97242
16058
74493
92542
8351
80341
35578
88242
76742
29579
73023
42331
63316
11928
22304
73447
30574
42934
32727
21561
23137
12350
57134
97937
28256
96882
33010
63066
33002
38010
39538
92636
50824
67717
23433
78740
62542
84357
27713
87498
50248
58743
62457
98591
63611
36938
51042
23305
96358
85132
89543
92297
44312
44021
6762
67655
31463
70153
5212
14636
98036
49437
80029
53602
73632
98437
83867
55417
66449
89173
55804
32488
8711
58332
49802
57292
17319
55014
99710
66735
89795
18812
63209
31200
354
77452
83885
13722
63889
90381
59154
59426
27438
45554
16042
87737
35774
56749
32612
12448
75642
11955
17978
83570
58590
96043
80800
36012
86442
7299
96066
72105
98690
71971
59108
74487
95717
90349
20741
90630
29521
20956
51541
70040
63464
92345
96889
80450
6117
35687
70932
19892
46436
47878
1907
34056
62244
15830
19030
55844
445
94602
9703
13316
68204
40888
56932
35860
53735
29381
58139
90978
97176
17739
83979
36851
41328
64117
24193
46864
82965
90812
8784
83371
63921
24645
819
40312
22342
75001
32285
52431
36898
86662
77221
17354
61340
6050
13036
55376
14603
53103
9311
50928
11367
27927
69986
17449
31884
8159
89888
81439
82999
30890
68187
64170
62178
96455
19561
91046
43043
5614
14156
19185
17691
20274
18744
35930
59725
88305
64479
68845
65391
3806
61379
59718
67308
67211
19467
29051
3901
34458
55469
90191
32067
28561
37269
8500
85591
56865
28801
50567
68664
6366
73343
45385
39998
49990
82988
73091
48153
49206
95564
92127
37225
78546
43001
73597
68101
50428
3534
16784
95775
41479
39282
93984
86714
76996
89049
74765
31502
74730
14218
58966
96864
57386
2142
37293
17855
87531
5826
74208
33079
38517
11210
61864
41116
81119
91526
84917
26987
47161
94019
5925
83596
29564
95743
43676
54728
10954
94232
92385
76374
29320
58323
8116
5204
89074
44733
89026
69890
26362
96305
87132
14415
97720
58564
95161
35714
1402
60312
22720
5787
94220
4311
70526
5549
87635
68958
33968
37095
83316
75945
15689
28258
16628
38529
4348
15506
59273
6289
87739
8356
53672
6103
25787
35674
74409
79414
41593
28538
12352
2097
43733
28964
26862
3585
53161
16782
70106
10725
68837
81117
25180
97650
76442
34922
72171
27590
99881
66402
15654
17396
26292
11972
89290
68438
41964
92561
46181
88708
95032
91301
43097
46300
20636
65028
66169
39714
49335
91762
33997
1444
20841
8494
57854
93220
76299
15744
45049
83311
35091
50858
91121
39803
95000
68626
1028
48255
90420
36129
5709
78840
47770
49496
23822
60269
372
36097
75210
95222
29359
10286
89635
41186
25691
70551
84913
98993
80347
638
70749
63244
26520
88835
94633
16928
56935
20786
91836
41478
44064
69969
7209
949
81050
20985
67047
22578
56385
69949
45961
59650
79447
32888
5203
41575
73940
53411
73158
55497
39543
17420
68229
69400
57973
70430
18949
44677
71756
77814
52283
66658
40476
87661
66654
30763
6709
98848
554
47846
7974
5270
89420
66066
45249
84104
80394
95499
62609
9841
35243
2409
40179
84583
27450
67456
46321
8820
59600
54895
14884
47357
77920
88291
30629
8884
86476
65997
25708
61502
26788
32737
85236
32105
99960
35911
36056
43799
9198
88723
47839
79430
59489
26079
85811
38390
39968
10858
41065
56505
68477
14185
97873
13333
86379
11385
49452
52564
36980
90206
2328
51646
33133
25547
42148
85558
259
1052
60341
36990
87180
38
43772
97733
94661
55947
62363
5946
57389
72581
7281
4874
41425
4853
18874
84240
24549
74050
24126
40669
22544
11205
67005
4693
16528
50139
89602
68124
44372
31915
21042
19745
66719
48777
19574
80571
42077
49097
74929
23620
48642
15490
39792
32804
44662
61314
10004
57291
96745
16077
78201
84728
66391
40101
66150
65637
52812
74060
48885
43590
80342
5788
42972
68878
85620
46552
20935
74126
17123
25956
49491
74010
44066
10785
94243
96768
73041
4630
92076
39181
95100
5777
1316
35924
93592
88051
31800
89255
60569
91768
28672
4218
70975
27935
64991
45352
47316
358
70381
77593
29960
83326
11240
99278
48018
61392
9800
86757
81893
24354
20662
75765
66671
33479
29384
68782
30949
41747
6743
63595
74707
204
11822
43289
76722
15975
20097
45502
36380
80073
6960
31243
47786
24120
75435
28413
32765
22654
66418
28065
28359
36267
53828
90403
59002
92630
10707
247
66000
65223
26312
88143
67646
13726
83421
95480
61503
7620
15340
53160
80097
25937
40700
19021
59658
89703
5051
86977
87764
2601
98596
81439
73537
74978
18109
94030
84299
20972
17386
18867
53179
93529
28715
57007
8391
9169
60876
67484
39086
54679
32321
12284
33939
32092
29840
82688
59684
81836
13795
60924
89647
38188
62261
4886
30794
6121
13472
96961
27074
59148
25365
33418
30370
5899
12563
98040
88748
90936
62156
84960
26235
88820
57878
7114
13899
99492
96503
52978
13482
40221
88462
99212
26152
81527
85131
15050
20731
38490
95068
17155
60374
34867
39816
62847
79108
57723
34419
23420
15630
2638
83262
22260
42695
58956
98292
49345
7756
62962
99363
59291
20590
43719
55668
87723
94423
36758
58549
23094
82882
80462
3819
99074
39565
25142
78471
87725
80016
70277
64000
61791
55983
57779
39579
61719
37033
85700
32674
85322
30521
8228
96106
93146
48494
68916
35594
37223
24617
86942
4434
9945
57162
51105
96708
30258
71440
16344
1935
97973
84994
34881
48110
97469
30223
89183
26753
73877
51837
28477
62313
46031
67362
85002
34515
98876
3305
32884
34015
22458
7582
18485
61927
49961
55208
36475
94834
51366
88121
55709
81477
47201
57216
97737
93481
6249
29133
6049
1931
29955
8850
96890
8809
76894
25265
33011
34004
1957
45888
14673
55677
23786
49920
91630
40957
97334
9708
17819
45979
47547
52758
75518
87191
81243
55964
9176
26582
63023
47580
32275
48255
77949
54195
56784
48502
21513
46922
11483
80477
89503
37998
78850
90637
91149
38442
19972
92650
7194
97466
21017
55950
24746
25338
43451
20401
59599
25842
84856
6280
61604
15599
30614
11189
89330
34285
42999
83148
3211
23958
41036
53272
58976
26107
21354
57491
19444
29129
89172
46827
17665
79972
84192
93317
55654
74495
82908
82443
31061
34687
62606
76877
21406
99567
6137
78136
31973
84084
1142
9898
74460
27980
1589
16572
36764
59455
13048
14691
37772
69573
82828
75395
10426
75689
36107
76149
14307
99962
82102
46983
73165
16686
81789
13137
50303
22944
45827
26019
26187
27486
97585
8778
2370
46855
25131
11406
62228
15403
79125
29998
37417
49118
41237
23135
83953
45233
22145
24770
21782
4294
45284
93477
94419
67189
56864
93899
66285
14513
65110
25488
67705
50180
90706
42513
34762
77735
58045
38136
48825
70689
37447
322
2506
17318
63513
46252
52673
22086
86319
84868
20477
68690
55828
51633
52933
34807
61660
36303
37848
99514
33526
54061
21590
29580
41991
54479
70465
17120
19507
79667
52429
37104
77086
85584
92386
70585
78169
13455
34007
91399
56757
74262
5980
92164
24139
39202
66669
21303
33284
88311
84572
46376
63409
59332
26789
3051
61536
49979
73618
13880
49672
66371
37344
52624
12068
41127
24884
544
48380
31664
8360
62053
21024
53949
92999
91328
29255
51772
97223
84576
10418
28530
78396
15510
31205
84204
52310
81339
6002
72245
28470
18098
52329
47294
57530
47636
25038
93829
79479
13768
47527
83373
8069
97034
12216
58347
88574
28814
21608
83664
17562
14564
26469
95579
18296
53257
90943
7867
83062
1875
46325
42906
26935
57459
8415
43508
89926
94186
23058
47012
84073
23677
80178
13624
92010
77695
72614
33832
98292
18354
51665
74595
32961
29414
61790
70047
61926
95124
31839
95712
7899
7082
79305
30258
4233
77413
1198
99065
92736
56509
9386
1825
32921
55137
6381
89958
13683
65119
74828
3593
11237
58779
88829
14335
83102
18301
30835
30491
62251
25806
57712
35860
25625
86168
66338
80165
15444
95683
80884
51820
72259
20220
36464
20993
46242
60840
32922
30106
58374
55042
48355
38582
12340
71898
75292
40457
40324
58241
81972
59824
48345
90890
26534
72810
32543
83787
42932
8942
69771
55219
73743
59430
58091
87388
20646
48760
23293
52013
37292
28085
27042
98466
70858
61011
48455
20311
44632
76521
80049
89182
5567
79108
18060
88318
46869
33658
84703
47035
12555
67640
67392
6039
96914
97404
62284
51352
26528
87787
9853
9066
19692
82671
4816
75766
65227
82384
28692
75849
19658
96378
71133
32966
89015
75086
23613
31826
72857
95510
83120
28475
46859
72557
40487
12636
7942
76158
31105
52537
17043
98506
21665
57501
58725
41580
33769
44003
53659
10276
49512
82155
10673
86749
52595
77610
18485
46944
1582
84020
22340
4071
12589
68291
41068
72199
46984
96804
13488
81516
97674
29945
7284
69569
2091
67232
80663
6705
39037
79982
45955
36134
42580
48103
15339
3174
29801
71657
56000
87559
82007
78077
15489
87061
40823
99419
38438
65708
95146
16362
85324
8967
12076
92649
77323
17318
73127
50040
31835
97752
62086
7491
91937
19654
90005
14645
61888
12431
83424
27641
25192
24397
92027
84605
58866
6710
40249
12307
87138
92921
97291
51976
77908
29079
48765
75974
87972
5189
20386
74532
1522
33109
24742
10807
32121
7389
13262
15320
86761
86689
55191
96421
73853
75721
51943
39493
34010
13684
64369
72510
98149
31370
69760
70507
82968
12233
86481
58596
93571
19389
79599
94150
58182
54472
99023
37318
13608
220
52654
42758
8712
97848
82113
52832
86145
24896
2976
89149
49334
63787
47805
5638
19980
65650
24231
60884
56316
1652
10417
18929
79195
38152
51884
41919
64848
8302
5457
58230
79247
792
52140
27919
20321
85778
47752
60647
3136
55632
47924
87489
38895
8103
93652
4388
51975
46754
55523
26015
14096
57835
10513
36960
46056
49698
52703
82142
45963
64607
27225
14374
60529
82623
66876
5803
11490
25824
22657
11710
4933
91297
81773
49740
69804
11822
59261
68075
92472
48844
52404
7267
41278
65553
80360
12620
69730
41557
16312
10506
17933
75109
68327
33905
62862
31969
916
66269
65254
35757
97991
87809
86571
67057
88575
40166
64534
76730
61033
92860
37614
16371
46512
6656
77323
11299
59970
77180
69021
26810
16011
14765
56479
60326
77830
99933
4397
40324
92456
60271
28618
73827
7561
45879
78404
36537
6679
43197
68796
59159
15166
65669
78937
80681
54589
44761
32137
82797
1446
45100
9019
17747
4744
79957
27955
5087
73677
45168
41516
89105
58750
76366
10991
89625
42742
32500
86948
60632
46113
72764
5587
42793
92790
2472
12848
48642
11888
9660
28588
33262
62849
51820
69782
71081
90416
9471
49780
2070
63070
90806
99405
68787
46665
92011
92846
71884
53599
19049
26510
23257
57779
47914
9951
83041
97694
2964
71129
48225
90401
12337
78427
13711
55276
65256
81889
10746
6231
9851
53306
7733
57006
16693
46867
14572
52549
82373
11208
38189
44332
90987
23472
73354
40994
85
38394
81025
67293
75917
44769
71722
59698
13177
7667
71020
31752
74546
27242
83341
38208
73253
94480
17861
51325
15695
88853
80878
48110
51196
17533
21274
75605
54765
91221
36164
27366
40654
83225
81515
56967
12873
84910
12230
10084
8319
7113
66580
90677
30064
1241
52583
4655
96164
30285
81186
14055
34374
25277
13144
32292
10044
34016
67277
98947
82627
40793
16879
84134
89163
13842
30676
47542
1428
84988
63792
15689
68634
31913
77183
92387
49237
91260
24465
68820
7750
512
24435
32236
30863
49740
53104
69719
30196
96959
26819
49231
97278
95667
1715
47855
42280
51374
58720
9772
41032
99556
80448
80656
61425
22012
27581
33125
98982
10356
40867
15039
79605
27998
88105
5671
52357
38717
91490
49302
59325
66183
36308
2390
46886
33631
5512
79409
29190
12091
86699
97894
72231
84449
74931
89199
45260
77497
43398
86901
48683
58328
1815
38579
35412
74832
63601
44541
79471
7826
15753
11149
85487
47427
81968
23671
73218
80161
70589
80783
37797
8614
88655
36642
81232
59882
31000
52953
62195
86645
94556
36724
20055
54940
64718
85903
44069
20340
80847
58806
37443
24092
75172
36311
72045
80632
90850
59038
33293
15801
32921
49766
92246
75633
79153
28508
85769
50750
87682
58599
58134
11852
63113
99909
12070
19225
18795
43664
6184
88834
53902
23081
75286
13948
68180
12257
66539
65290
32680
82517
49907
51527
43790
9904
88048
2390
33343
52297
57329
52424
365
68105
27765
84670
45399
98112
67116
47192
40580
50414
25792
53023
53463
15593
51360
3609
54888
26893
11827
72224
91555
49637
51484
87726
15078
85640
96963
56742
10798
6485
31130
73923
25592
43704
35319
38721
89473
19437
33133
75618
67742
22367
14282
97348
83997
38433
71712
17652
37096
71778
26935
59236
30627
79938
89001
791
65345
98773
76937
34745
64449
13582
12390
60532
90261
72693
5087
42365
14266
9532
73688
97421
56967
2197
83893
46792
4243
30451
39948
20108
46878
4232
3006
20264
21211
2171
4343
88173
16392
32250
40373
34225
65249
635
49870
47966
33587
33445
50068
63406
38034
99764
20843
43482
77542
95976
56340
28239
17005
76326
70751
24852
16594
47808
58290
12491
41176
56579
9524
93358
76333
86828
53062
94043
69372
15510
59892
77168
66551
83288
34208
25325
96747
92746
24519
38369
74135
32630
40990
89114
35815
22147
85396
32885
86064
35441
94250
52025
48678
81753
13690
63011
20628
9526
72776
85041
90590
36069
40578
90920
91654
42857
52702
24248
15288
94234
95701
46279
40470
41465
37684
64151
39400
30149
68754
83614
78048
54000
89507
61888
95333
49143
29462
11699
50194
58922
75708
18220
71680
58015
59192
86748
59387
53088
82461
81052
1336
72192
87391
24828
47233
30825
63846
28177
30125
3444
30968
37182
28823
63147
52081
45156
86030
94342
22785
72472
50626
89269
3003
29444
46080
89208
40406
75933
12909
9480
93996
72222
85705
35026
89153
36061
86341
51337
91458
77134
87168
94760
62439
65531
93387
41071
64942
90613
92735
63981
98254
8064
91901
38632
38825
70837
42780
40537
99247
72134
26437
63905
25980
21993
84877
45083
56020
68895
67751
38262
17507
82848
39194
45126
67069
36962
61263
98658
43945
46659
47537
83187
81779
61025
15919
89258
71279
74810
97629
70274
43575
13727
56084
97184
17831
5764
89782
12563
98003
41029
28782
24969
75368
74339
64274
47345
45992
50920
7400
38122
62964
2949
12736
89090
55737
58958
40741
82240
60732
51599
16279
70244
58582
93737
54866
27742
59744
70825
79668
42147
30568
93141
18640
12828
82699
53834
3316
38465
45643
81626
25616
95934
26235
23610
49263
25188
44781
48055
91385
91696
68166
19230
19369
14479
16915
9213
48598
93590
22098
82195
46973
86678
51018
2563
97763
96557
25922
59499
23699
99735
21454
69321
95463
60445
82259
82827
21728
65356
29295
19666
19421
91162
85700
35629
43388
6974
31665
43786
58612
327
95496
86106
41191
70250
80382
4014
7259
85255
16103
71974
78776
62904
16953
16280
42468
31391
3904
26171
436
75928
98860
75695
69558
56336
25737
22696
42338
93051
15406
92140
21629
80454
43210
88128
48236
24645
31796
33556
22706
70930
39432
68039
34413
48304
9569
44849
84444
88342
68642
99143
36814
56188
90619
17141
35160
37384
31919
49795
42703
99493
72405
21560
99464
19849
91173
37019
32503
92582
24293
58900
83545
81904
68677
91008
18227
31895
62162
58539
42704
93870
83720
47505
30162
8872
24453
33112
29152
94394
27950
50445
17091
62532
89288
8775
75077
78010
9325
85030
80371
74217
88481
99713
86603
8339
71044
86860
56974
24295
41786
73678
1235
89519
10745
50074
4365
74809
72051
5569
68384
90020
73880
67862
74053
10071
60208
6028
82328
45277
32138
4922
76094
12333
91267
11715
88148
36163
32264
8242
24855
13167
74717
11205
61711
68974
44844
16682
37428
74302
77529
49242
36028
97500
45634
34713
68597
46944
95120
33736
27364
73100
56346
30622
92992
16163
18597
11769
84571
31626
83759
38612
22977
42147
55700
72183
79369
41677
6659
85064
21541
22096
17963
724
41620
16037
47815
66595
42650
29882
53560
28478
86649
90926
43186
76398
77829
13493
39993
56746
76636
66125
90602
88980
34576
74791
41651
92864
64559
28707
42165
54015
84248
72295
42262
79841
47479
45740
62076
52691
48785
81545
53385
6812
85667
5851
20609
27500
34274
17720
72600
69080
30173
58390
86185
2121
70102
36386
95713
9824
2093
91690
46958
56196
97023
47890
35059
71268
48109
36672
55839
10394
20686
91500
35404
39244
31313
82340
77717
91321
75432
33999
31972
57444
91028
72390
46640
66354
72941
79014
60931
20344
80232
87221
88524
26139
19500
72109
31403
2367
76826
86529
86077
69582
79470
17522
5003
71885
20569
95639
88214
7282
49113
42871
21649
45594
65140
13506
29985
59492
18878
12902
98276
70154
2263
6599
18050
98004
49644
37708
36305
65657
39626
56017
57059
45545
92985
43127
37168
54189
54536
374
28313
53772
19395
45663
48933
29341
93732
47381
22099
13783
77287
56943
86240
50220
66310
20424
15470
80375
14939
43093
80465
42699
17278
98994
94247
20465
72649
68313
88620
45219
79086
86777
33559
62964
60017
58517
66595
11465
73576
4316
10007
40144
42576
37431
95272
35035
61873
66443
90674
35549
73153
47787
4974
28626
79249
73751
49513
32036
75145
15827
92272
79433
46669
16691
19432
33373
29997
54191
61301
76639
24586
42561
36503
23028
53786
48428
73105
10601
63973
74569
92660
64119
95249
63090
83817
52973
39210
75253
69776
12202
28979
7143
66671
35985
27375
20297
51601
79696
6140
319
35259
63614
41367
65339
30982
23043
4865
22335
85391
12086
45657
23586
18785
44895
93998
43607
25625
87748
57498
75078
73676
43881
10679
95254
95052
91755
67364
82100
20221
95707
58844
34416
79149
85090
25735
39909
11803
57275
55851
56919
19972
99044
21119
41222
52712
73622
73417
14482
37241
80266
11961
27556
14559
4146
85060
31185
74129
96074
52612
21037
63319
80875
68309
78002
86652
68061
23832
42407
64426
63143
37442
83846
58136
86300
60297
90196
15502
93380
92575
51903
21360
51186
29996
30563
89526
76428
41886
93601
87954
73774
71636
34377
80304
68436
80720
42971
20815
98718
82935
9316
93631
43281
72082
16577
79378
59063
62655
42296
64872
87267
82243
6394
74013
18303
58568
56670
17580
66920
11447
19859
16916
11580
88449
99674
63841
40799
73714
5342
3808
23975
54906
19975
19416
90782
98794
299
48539
99870
79216
18324
55628
63784
14094
5021
83988
65477
18839
99707
22246
39599
95024
91447
3067
35503
22868
73657
78572
64934
75846
75921
99158
89727
84771
13571
17694
33205
250
38527
69459
55737
5868
98074
42171
46066
28603
64824
57093
70017
80222
29673
7537
41299
99064
1283
49534
93390
6849
85223
4840
17686
40644
80693
73489
63715
59215
94073
30395
98582
85680
75686
8082
80106
2009
16272
59272
47221
55400
5963
28191
32788
56744
64139
82449
34123
45790
14437
97763
47295
87619
99907
41221
95718
71305
81408
93347
61876
5442
95624
20633
66683
93228
48919
50332
93598
16398
2600
79474
90416
68725
14141
28419
66545
32901
65260
7021
85122
40748
18734
79167
62159
95934
69799
62601
54834
55332
37266
24219
99277
30901
60030
63589
17114
4322
34409
85571
94036
40234
97940
31610
44766
26633
89069
85955
41141
59675
33200
81133
88193
81432
3205
99084
7382
92646
79092
76428
15125
59200
64342
97911
8689
4701
19981
44753
53252
39732
49887
67860
9910
97683
96005
42328
19983
59448
31377
74241
53541
87322
68010
20144
31770
91812
55900
6262
80096
6457
25194
54803
59471
36209
31848
71905
1557
84441
13634
98911
2276
34245
76472
12576
19799
24029
34883
23837
44475
12050
54162
11784
12188
34256
98727
78691
94096
66366
20952
7793
59676
65256
57289
60319
1157
66923
62572
59141
12217
57280
26513
70799
84732
94649
52027
42353
55118
5994
84820
54939
32271
26346
9328
78657
68169
5083
12397
73372
84575
27400
41343
53338
9725
30919
90592
627
96169
53530
53132
82972
78328
4252
57850
88243
21760
61949
91176
67414
47446
40016
45764
38668
22903
74708
65317
31778
38455
42746
71274
80706
37460
13495
48447
56250
66422
4936
21636
11717
41299
35071
49482
96409
19214
75219
26527
12672
31354
26752
34875
739
35469
87086
95131
77226
67233
23053
61191
44953
36860
58724
51934
40973
4051
96586
48746
55816
20693
66293
37997
91208
26098
61496
4358
52298
74280
72654
56046
23933
52984
11204
36474
55578
75194
51258
75542
99682
37316
55325
91628
7042
70310
57708
40843
15159
78782
31830
90378
6354
47126
98970
5870
57916
24613
16563
78098
43576
13124
4343
69255
2365
49340
64074
5510
30532
53496
72100
12876
32849
75553
6599
28270
83102
80864
29356
13333
33179
2216
83865
50147
29239
88117
31457
68413
18458
56691
92720
99805
59316
96780
26179
96842
20783
70401
2394
9543
82896
82265
12301
27546
72222
88302
44
4623
55876
81995
86697
58295
11854
54250
32142
5935
54631
72611
18572
13188
88976
24211
91552
47411
85069
84167
25064
34096
99255
78112
83783
48945
22169
26779
85263
52255
88165
86003
15605
14403
55224
71833
19171
79142
55396
64296
96175
59777
84103
86589
36598
9894
34899
87550
64257
23437
58600
26481
65636
63058
44111
66849
432
94886
61923
28159
60930
30123
91446
36387
97422
1154
11620
27281
56161
2134
61074
7413
54443
37615
51403
3212
28826
36767
78681
24540
43178
15913
77164
59577
13199
81422
4947
17779
13701
6939
86094
74252
51443
45226
62176
91506
24864
84866
62401
45689
45825
21829
51082
93920
87335
2065
58308
19953
16792
86413
96693
2397
78101
54643
99045
75492
51702
8890
28149
22496
24757
81309
35390
73816
82055
2556
63056
65871
73308
36765
41029
25056
49533
67909
92340
90873
89750
17587
17531
78563
55793
18079
25783
10990
34193
92360
40485
6769
69929
78381
57792
61506
53614
57357
54855
726
72040
57211
89856
57844
72344
66527
61506
25774
58380
99953
3216
11917
94941
10897
28750
8076
34105
98270
35189
87321
16900
1215
2860
24807
29308
68659
75435
37356
43022
93716
10489
19914
12867
83308
53447
90174
70878
93868
48283
15869
30785
49436
7410
97291
64233
57645
19902
80940
17101
24102
43425
90566
52829
29462
33189
